1.344010084867477417e-01
1.533992737531661987e-01
1.989323347806930542e-01
2.755534648895263672e-01
3.388287127017974854e-01
3.886010348796844482e-01
4.247134625911712646e-01
4.481080174446105957e-01
4.790391027927398682e-01
4.977233409881591797e-01
5.241011381149291992e-01
5.354058742523193359e-01
5.544041395187377930e-01
5.734024047851562500e-01
5.792118310928344727e-01
5.980530977249145508e-01
6.063746213912963867e-01
6.285130977630615234e-01
6.310252547264099121e-01
6.344795227050781250e-01
6.602292060852050781e-01
6.657245755195617676e-01
6.748312115669250488e-01
6.809546351432800293e-01
6.903752684593200684e-01
6.851938962936401367e-01
7.076464295387268066e-01
7.140838503837585449e-01
7.224053740501403809e-01
7.286857962608337402e-01
7.412466406822204590e-01
7.352802753448486328e-01
7.442298531532287598e-01
7.563197016716003418e-01
7.528654336929321289e-01
7.531794905662536621e-01
7.611870169639587402e-01
7.636991739273071289e-01
7.676244378089904785e-01
7.739048600196838379e-01
7.804992794990539551e-01
7.864657044410705566e-01
7.889778614044189453e-01
7.968283891677856445e-01
7.929031252861022949e-01
7.998116016387939453e-01
8.119013905525207520e-01
7.980844974517822266e-01
8.051499724388122559e-01
7.982414960861206055e-01
8.112733364105224609e-01
8.156696557998657227e-01
8.197519183158874512e-01
8.235201835632324219e-01
8.324697613716125488e-01
8.178678154945373535e-01
8.296436071395874023e-01
8.291725516319274902e-01
8.244622349739074707e-01
8.315277099609375000e-01
8.301146030426025391e-01
8.396922349929809570e-01
8.395352363586425781e-01
8.412623405456542969e-01
8.464437127113342285e-01
8.398492932319641113e-01
8.491128683090209961e-01
8.513110280036926270e-01
8.470717668533325195e-01
8.503689765930175781e-01
8.531951904296875000e-01
8.626158237457275391e-01
8.560213446617126465e-01
8.588475584983825684e-01
8.491128683090209961e-01
8.550792932510375977e-01
8.634008765220642090e-01
8.608886599540710449e-01
8.654419779777526855e-01
8.629298210144042969e-01
8.602606654167175293e-01
8.699952960014343262e-01
8.679541349411010742e-01
8.634008765220642090e-01
8.651279807090759277e-01
8.643429279327392578e-01
8.714084029197692871e-01
8.728214502334594727e-01
8.748626112937927246e-01
8.781598210334777832e-01
8.806719779968261719e-01
8.776888251304626465e-01
8.820850849151611328e-01
8.737635612487792969e-01
8.745486140251159668e-01
8.764327168464660645e-01
8.776888251304626465e-01
8.850682973861694336e-01
8.769037723541259766e-01
8.839692473411560059e-01
