2.643973256153221207e+00
2.529140180836930707e+00
2.376387565995819795e+00
2.148687482610155186e+00
1.969915062165705777e+00
1.828961062345236810e+00
1.707184837740058025e+00
1.613684223031002007e+00
1.516590364575666872e+00
1.457026654892728423e+00
1.382745119199814132e+00
1.336883561767276296e+00
1.292623907491426749e+00
1.240569265788307840e+00
1.212440387348043824e+00
1.174545181435830532e+00
1.145113863232259721e+00
1.100646354411306760e+00
1.075636399074895166e+00
1.072318346426651248e+00
1.019263747030795031e+00
1.003431187373799327e+00
9.806901369238596455e-01
9.509469169165841729e-01
9.362747525098203960e-01
9.307091815502719356e-01
8.989296748960461381e-01
8.759225943452018104e-01
8.558532003986534242e-01
8.386211686969869961e-01
8.062297896400016928e-01
8.001564535620748764e-01
7.934146832682346107e-01
7.690410780970315940e-01
7.637430872024743023e-01
7.497551659995672635e-01
7.365456376125906202e-01
7.270422784494893209e-01
7.185207278654739405e-01
7.051785834020152244e-01
6.883146637724003591e-01
6.788906761158353120e-01
6.720894797103973417e-01
6.451075170548862259e-01
6.421086442098079550e-01
6.310405362474055257e-01
6.154556594195930153e-01
6.223854830883084333e-01
6.123161554373982574e-01
6.201318596011710094e-01
6.051675080597952450e-01
5.913262562468019068e-01
5.772939766196407696e-01
5.812215246909415711e-01
5.590036324156493208e-01
5.682704927109346604e-01
5.542894773551406695e-01
5.497405760552898091e-01
5.607775168996119719e-01
5.522966387695261714e-01
5.385529809197258100e-01
5.240739757102407248e-01
5.182968939018878229e-01
5.157017306155472491e-01
5.124270240765274043e-01
5.105364794801516837e-01
4.996597571750323041e-01
4.913695491376599001e-01
4.914725643159605917e-01
4.867511543529077223e-01
4.873470498939420636e-01
4.723104065376841354e-01
4.814528419591883046e-01
4.710773400111893938e-01
4.813852527860682518e-01
4.697683554585490029e-01
4.522008684089895425e-01
4.609804199486479681e-01
4.496869461786093813e-01
4.585934742913176376e-01
4.547757187805289703e-01
4.387010793742813219e-01
4.396825066062378107e-01
4.442813081912782014e-01
4.379386831104783440e-01
4.368991207750799188e-01
4.422618955734068380e-01
4.256446297014502833e-01
4.172040430899410790e-01
4.166548010935718360e-01
4.121782945854770008e-01
4.108589566246196867e-01
4.097983283615875827e-01
4.116060051462829827e-01
4.142038451200902305e-01
4.064892986436937639e-01
4.042529135376266569e-01
3.976110759990932886e-01
4.091732732063748101e-01
3.955282528736580594e-01
