1.407035142183303833e-01
1.884422153234481812e-01
3.140703439712524414e-01
4.315326511859893799e-01
3.932160735130310059e-01
4.673366844654083252e-01
5.113065242767333984e-01
5.414572954177856445e-01
5.690954923629760742e-01
5.810301303863525391e-01
6.105527877807617188e-01
6.319095492362976074e-01
6.231155991554260254e-01
6.325376629829406738e-01
6.526381969451904297e-01
6.664572954177856445e-01
6.714823842048645020e-01
6.664572954177856445e-01
6.796482205390930176e-01
6.947236061096191406e-01
7.010050415992736816e-01
7.097989916801452637e-01
7.079145908355712891e-01
7.123115658760070801e-01
7.198492288589477539e-01
7.129396796226501465e-01
7.336683273315429688e-01
7.330402135848999023e-01
7.261306643486022949e-01
7.424623370170593262e-01
7.487437129020690918e-01
7.437185645103454590e-01
7.594221234321594238e-01
7.368090748786926270e-01
7.569095492362976074e-01
7.631909251213073730e-01
7.506281137466430664e-01
7.669597864151000977e-01
7.619346976280212402e-01
7.638190984725952148e-01
7.713567614555358887e-01
7.594221234321594238e-01
7.719849348068237305e-01
7.644472122192382812e-01
7.776381969451904297e-01
7.782663106918334961e-01
7.870603203773498535e-01
7.826633453369140625e-01
7.713567614555358887e-01
7.606784105300903320e-01
7.826633453369140625e-01
7.851758599281311035e-01
7.927135825157165527e-01
7.939698696136474609e-01
7.927135825157165527e-01
7.914572954177856445e-01
7.927135825157165527e-01
7.920854091644287109e-01
7.795225977897644043e-01
7.851758599281311035e-01
7.876884341239929199e-01
8.015075325965881348e-01
7.983668446540832520e-01
7.945979833602905273e-01
7.989949584007263184e-01
8.002512454986572266e-01
7.989949584007263184e-01
8.046482205390930176e-01
8.121859431266784668e-01
8.033919334411621094e-01
8.096733689308166504e-01
7.977386713027954102e-01
7.920854091644287109e-01
7.977386713027954102e-01
7.996231317520141602e-01
8.071607947349548340e-01
8.059045076370239258e-01
8.046482205390930176e-01
8.077889680862426758e-01
7.939698696136474609e-01
8.121859431266784668e-01
7.971105575561523438e-01
8.059045076370239258e-01
8.115577697753906250e-01
8.134422302246093750e-01
8.077889680862426758e-01
8.046482205390930176e-01
8.128140568733215332e-01
8.090452551841735840e-01
8.159547448158264160e-01
8.121859431266784668e-01
8.084170818328857422e-01
8.103014826774597168e-01
8.103014826774597168e-01
8.008794188499450684e-01
8.172110319137573242e-01
8.109296560287475586e-01
8.077889680862426758e-01
8.146985173225402832e-01
8.121859431266784668e-01
