2.569810743906989270e+00
2.441778776034638110e+00
2.198637944370058772e+00
1.972228940407834363e+00
1.810171626920077159e+00
1.675112597906409873e+00
1.540648688623054596e+00
1.448089653523124021e+00
1.375898277340222853e+00
1.309469542311663570e+00
1.249990793328788374e+00
1.219398022896081457e+00
1.173301200770852537e+00
1.128258473310039367e+00
1.110301217242101846e+00
1.076145718445130850e+00
1.050469806445902821e+00
1.037935619977251367e+00
1.027991272097256825e+00
9.851562093250715302e-01
9.607692124256536070e-01
9.498271780397424813e-01
9.307524672704725610e-01
9.152859039043061973e-01
9.236414258803554711e-01
8.869607032243930211e-01
8.728819007250532280e-01
8.712755546497938930e-01
8.605906906439431125e-01
8.305348391508936556e-01
8.384044886234417460e-01
8.237172898335672899e-01
8.032895170863548762e-01
8.082400782024441455e-01
8.012453635134290097e-01
7.954413142036552697e-01
7.992832534876300743e-01
7.791272530603647883e-01
7.655041858778527386e-01
7.718403330400361861e-01
7.621979575660360329e-01
7.565083392900437964e-01
7.526249822659708544e-01
7.584703645514483394e-01
7.362657926190439017e-01
7.315508223059189463e-01
7.377703147916937487e-01
7.387899286183879921e-01
7.317349003187975098e-01
7.562349115184803239e-01
7.262729711868055604e-01
7.116892400698445753e-01
7.185872433772638734e-01
7.179494934465417977e-01
7.189800769240413114e-01
7.234987002521303667e-01
7.162174929925544387e-01
7.206287647611532288e-01
7.289070028755533226e-01
7.198389478065260194e-01
7.235129628349189490e-01
7.118284250024574655e-01
7.098018871479897518e-01
7.177489678464342715e-01
7.076059256366749040e-01
7.102563602840481494e-01
7.070548815942888643e-01
7.107046477159663089e-01
7.091737066082020036e-01
7.091028636424385745e-01
7.060618954687262194e-01
7.188066756305981908e-01
7.216784358024597168e-01
7.297126150610458994e-01
7.142540039728634271e-01
7.005859583466496066e-01
7.006744188279961927e-01
7.116645305000957045e-01
7.074957879344422329e-01
7.058893118671436540e-01
7.018436552891179625e-01
7.185744217891788521e-01
7.140321773500298841e-01
7.108595317332588870e-01
7.011799908163559580e-01
7.124630925643383739e-01
7.176124630261905279e-01
7.025156883738148395e-01
7.131440630510225143e-01
7.121896552081083964e-01
7.026348521361998056e-01
7.197086179076727097e-01
7.104861373877405795e-01
7.186114949796666984e-01
7.405567145227787140e-01
7.086201852290474612e-01
7.211984333081461473e-01
7.145055562407527372e-01
7.167449914031291947e-01
7.124661335993052180e-01
