2.641561335943841460e+00
2.445014165510542181e+00
2.278684534482256829e+00
2.112181995367588438e+00
1.938083334889249443e+00
1.784536504880246621e+00
1.679617878649144469e+00
1.614753288926238151e+00
1.533261891735799853e+00
1.480233114131448868e+00
1.433097413878067217e+00
1.393544989415326230e+00
1.343463510953382345e+00
1.325106946428897592e+00
1.308611437540298406e+00
1.259024056764651567e+00
1.230897726734123676e+00
1.218202394300398783e+00
1.187679557378034989e+00
1.164428478321225757e+00
1.153545532856954825e+00
1.134816741920898764e+00
1.127265525755131392e+00
1.103767274687214917e+00
1.086646974433028046e+00
1.075412802446167326e+00
1.069396906715862627e+00
1.064615664929081440e+00
1.034933074787060203e+00
1.020051624790280886e+00
1.016054757780511464e+00
1.001542591107174252e+00
9.801199385277198362e-01
9.862026038696185548e-01
9.903708940904430991e-01
9.876606211330625218e-01
9.592646544760896621e-01
9.496859707550082685e-01
9.355020832277988196e-01
9.313175387202073940e-01
9.087801835079885038e-01
9.170410354857281288e-01
9.130146822294498143e-01
8.903218929369682844e-01
8.748715952363974591e-01
8.815110983439041759e-01
8.663426232985563802e-01
8.548248033449439287e-01
8.565445822998611902e-01
8.518322343952822173e-01
8.363996244689736459e-01
8.480539704290022129e-01
8.179815502626440749e-01
8.105772377876045987e-01
8.248794403100878636e-01
8.043194396433304139e-01
8.163726620948151824e-01
7.991851008861138306e-01
8.051995600312410462e-01
7.796499079111176567e-01
7.665372230059910308e-01
7.638786604423540849e-01
7.791673169253591213e-01
7.713587193029382005e-01
7.675763438234225466e-01
7.581494526654215527e-01
7.394614663261094289e-01
7.613068554760391571e-01
7.449252772114118848e-01
7.412612560331063305e-01
7.342677856843013995e-01
7.226423124893435190e-01
7.212247181807194263e-01
7.150914244251996843e-01
7.147223772087731852e-01
7.162854380707929236e-01
7.087763541346349117e-01
6.941784370598753640e-01
6.960168661586829675e-01
6.957746335561317830e-01
7.062400308990238740e-01
6.945214719726668928e-01
7.112568435779001996e-01
6.857594281673655701e-01
6.709021380790306521e-01
6.789337374161169558e-01
6.775737303376553333e-01
6.819664026789097333e-01
6.625120617902003906e-01
6.643629130996702159e-01
6.685838866484634657e-01
6.591251975401807295e-01
6.621398413493880808e-01
6.585074136556271496e-01
6.529645718122917275e-01
6.364306037495996993e-01
6.375695163965188206e-01
6.414305717946221508e-01
6.484336933043000073e-01
6.309243436229530211e-01
