1.714824140071868896e-01
2.236180901527404785e-01
3.272612988948822021e-01
3.976130783557891846e-01
4.095477461814880371e-01
4.981155693531036377e-01
5.288944840431213379e-01
5.471105575561523438e-01
5.791457295417785645e-01
6.124371886253356934e-01
6.344221234321594238e-01
6.476130485534667969e-01
6.469849348068237305e-01
6.589195728302001953e-01
6.670854091644287109e-01
6.375628113746643066e-01
6.626884341239929199e-01
6.576633453369140625e-01
6.846733689308166504e-01
6.771357059478759766e-01
6.940954923629760742e-01
6.853014826774597168e-01
6.840452551841735840e-01
7.154522538185119629e-01
7.028894424438476562e-01
7.204774022102355957e-01
7.079145908355712891e-01
7.317839264869689941e-01
7.261306643486022949e-01
7.330402135848999023e-01
7.493718862533569336e-01
7.506281137466430664e-01
7.493718862533569336e-01
7.512562870979309082e-01
7.204774022102355957e-01
7.506281137466430664e-01
7.587939500808715820e-01
7.663316726684570312e-01
7.770100235939025879e-01
7.776381969451904297e-01
7.864321470260620117e-01
7.807788848876953125e-01
7.732412219047546387e-01
7.832914590835571289e-01
7.870603203773498535e-01
7.889447212219238281e-01
7.939698696136474609e-01
7.902010083198547363e-01
7.939698696136474609e-01
7.864321470260620117e-01
7.914572954177856445e-01
7.927135825157165527e-01
8.002512454986572266e-01
7.996231317520141602e-01
7.958542704582214355e-01
8.084170818328857422e-01
7.989949584007263184e-01
8.103014826774597168e-01
8.121859431266784668e-01
8.059045076370239258e-01
8.084170818328857422e-01
8.146985173225402832e-01
8.065326809883117676e-01
8.140703439712524414e-01
8.071607947349548340e-01
8.115577697753906250e-01
8.146985173225402832e-01
8.121859431266784668e-01
8.153266310691833496e-01
8.216080665588378906e-01
8.159547448158264160e-01
8.203517794609069824e-01
8.203517794609069824e-01
8.165829181671142578e-01
8.178392052650451660e-01
8.109296560287475586e-01
8.134422302246093750e-01
8.190954923629760742e-01
8.228642940521240234e-01
8.253768682479858398e-01
8.247487545013427734e-01
8.159547448158264160e-01
8.209798932075500488e-01
8.222361803054809570e-01
8.234924674034118652e-01
8.203517794609069824e-01
8.172110319137573242e-01
8.190954923629760742e-01
8.322864174842834473e-01
8.241205811500549316e-01
8.278894424438476562e-01
8.266331553459167480e-01
8.222361803054809570e-01
8.040201067924499512e-01
8.253768682479858398e-01
8.297738432884216309e-01
8.266331553459167480e-01
8.253768682479858398e-01
8.272613286972045898e-01
8.360552787780761719e-01
