1.160307750105857849e-01
1.852724105119705200e-01
2.366148531436920166e-01
2.769665420055389404e-01
3.281520009040832520e-01
3.804364800453186035e-01
4.159208536148071289e-01
4.379023313522338867e-01
4.666352570056915283e-01
4.823363125324249268e-01
5.007065534591674805e-01
5.197048187255859375e-01
5.404301881790161133e-01
5.409012436866760254e-01
5.448265075683593750e-01
5.723033547401428223e-01
5.804678797721862793e-01
5.870623588562011719e-01
5.891034603118896484e-01
6.109279394149780273e-01
6.065316200256347656e-01
6.126550436019897461e-01
6.021353602409362793e-01
6.239597797393798828e-01
6.292981505393981934e-01
6.327524185180664062e-01
6.388757824897766113e-01
6.318103075027465820e-01
6.460983157157897949e-01
6.506515741348266602e-01
6.495525240898132324e-01
6.588161587715148926e-01
6.699638962745666504e-01
6.646255254745483398e-01
6.677657365798950195e-01
6.583451032638549805e-01
6.762443184852600098e-01
6.765583157539367676e-01
6.814256310462951660e-01
6.716910004615783691e-01
6.831527948379516602e-01
6.826817393302917480e-01
6.851938962936401367e-01
6.986967921257019043e-01
7.043492197990417480e-01
6.979117393493652344e-01
6.977547407150268555e-01
7.019940614700317383e-01
6.941435337066650391e-01
7.070183753967285156e-01
7.090595364570617676e-01
7.065473198890686035e-01
7.120426893234252930e-01
7.165960073471069336e-01
7.148689031600952148e-01
7.120426893234252930e-01
7.150259017944335938e-01
7.222483754158020020e-01
7.180091142654418945e-01
7.269586920738220215e-01
7.294708490371704102e-01
7.329251170158386230e-01
7.291568517684936523e-01
7.246035337448120117e-01
7.277437448501586914e-01
7.379494309425354004e-01
7.412466406822204590e-01
7.279007434844970703e-01
7.381064295768737793e-01
7.447009086608886719e-01
7.447009086608886719e-01
7.534934878349304199e-01
7.484691739082336426e-01
7.483121156692504883e-01
7.468990683555603027e-01
7.501962780952453613e-01
7.523944377899169922e-01
7.624430656433105469e-01
7.484691739082336426e-01
7.553775906562805176e-01
7.544355392456054688e-01
7.578898072242736816e-01
7.522373795509338379e-01
7.591458559036254883e-01
7.685664892196655273e-01
7.638561725616455078e-01
7.611870169639587402e-01
7.622860670089721680e-01
7.701365947723388672e-01
7.674674391746520996e-01
7.657402753829956055e-01
7.690375447273254395e-01
7.720206975936889648e-01
7.685664892196655273e-01
7.699795961380004883e-01
7.723347544670104980e-01
7.800282835960388184e-01
7.761030197143554688e-01
7.729628086090087891e-01
7.709216475486755371e-01
