2.494259821110634157e+00
2.316872806405302132e+00
2.134149808979513452e+00
1.935850919191561825e+00
1.802858540760212902e+00
1.635285521871480574e+00
1.519264606974232823e+00
1.458083640390904101e+00
1.413082325278814055e+00
1.323412342886229887e+00
1.267732008617727057e+00
1.220159655240312890e+00
1.189387112406629976e+00
1.160857948226545311e+00
1.123581583176425980e+00
1.136440165078819620e+00
1.079574670623894228e+00
1.073613284221246689e+00
1.023711723897924308e+00
1.008385482145913281e+00
9.969656221830665022e-01
9.859142570040333453e-01
9.718455034284735339e-01
9.346587520148885719e-01
9.454289519008080012e-01
9.159727372116779343e-01
9.129451195798327090e-01
8.872589837366612331e-01
8.903931597968441913e-01
8.770316464817105029e-01
8.607119932845609389e-01
8.590007589091008811e-01
8.358366983619767154e-01
8.290408813773687546e-01
9.041746776906689487e-01
8.186044219750255868e-01
7.996102251000141159e-01
7.978993444586518491e-01
7.845910086703660191e-01
7.796640465007954601e-01
7.648945082372157200e-01
7.635359254913713922e-01
7.673088422971754419e-01
7.426399136308449167e-01
7.486321389974661678e-01
7.363374688517507760e-01
7.296331030639571225e-01
7.239520397018547326e-01
7.296498588581180611e-01
7.279827331178750915e-01
7.170906324482443361e-01
7.065608336697870584e-01
6.918749057467857844e-01
6.873606018085575142e-01
6.933769092487929164e-01
6.775691332529537592e-01
6.953079748393302673e-01
6.696927834994829132e-01
6.688154929846374941e-01
6.709634329206380920e-01
6.652700128267757806e-01
6.416808693253215345e-01
6.653124510343350062e-01
6.481130374735922794e-01
6.296232375667323300e-01
6.368834055847858444e-01
6.270639674747409131e-01
6.359337792923701604e-01
6.411502582943020556e-01
6.158138217039443862e-01
6.220029143232795876e-01
6.191881379889483394e-01
6.070899966374114776e-01
6.168217419379919964e-01
6.129046331098930711e-01
6.113683176999116231e-01
6.018053757485433142e-01
6.010081387644437001e-01
5.963576762520488295e-01
5.966392935220919957e-01
6.025587664776711483e-01
5.916159350668365180e-01
5.901143712614049797e-01
5.979209647106764614e-01
5.817725652426330996e-01
5.750347959935365738e-01
6.105707278802766647e-01
5.867056942465317393e-01
5.869224871223296391e-01
5.787925751664531049e-01
5.793032334677538087e-01
5.773419495203986340e-01
5.801712672914093316e-01
6.308281739153455137e-01
5.727053045028418499e-01
5.677921825916922849e-01
5.735893102746513206e-01
5.705787186047539539e-01
5.739814878708153767e-01
5.610304393960003910e-01
