1.375628113746643066e-01
1.991205960512161255e-01
3.115577995777130127e-01
3.190954625606536865e-01
3.812814056873321533e-01
4.579145610332489014e-01
4.836683273315429688e-01
5.326633453369140625e-01
5.358040332794189453e-01
5.552763938903808594e-01
5.935929417610168457e-01
5.728642940521240234e-01
5.986180901527404785e-01
6.438442468643188477e-01
6.400753855705261230e-01
6.092965006828308105e-01
6.212311387062072754e-01
6.350502371788024902e-01
6.425879597663879395e-01
6.695979833602905273e-01
6.639447212219238281e-01
6.620603203773498535e-01
6.840452551841735840e-01
6.670854091644287109e-01
6.827889680862426758e-01
6.840452551841735840e-01
6.959798932075500488e-01
6.878140568733215332e-01
6.689698696136474609e-01
6.922110319137573242e-01
7.079145908355712891e-01
7.085427045822143555e-01
6.997487545013427734e-01
7.141959667205810547e-01
7.330402135848999023e-01
7.179648280143737793e-01
7.449748516082763672e-01
7.430904507637023926e-01
7.380653023719787598e-01
7.493718862533569336e-01
7.424623370170593262e-01
7.405778765678405762e-01
7.500000000000000000e-01
7.487437129020690918e-01
7.512562870979309082e-01
7.625628113746643066e-01
7.600502371788024902e-01
7.562814354896545410e-01
7.594221234321594238e-01
7.625628113746643066e-01
7.663316726684570312e-01
7.556532621383666992e-01
7.795225977897644043e-01
7.531406879425048828e-01
7.707286477088928223e-01
7.770100235939025879e-01
7.600502371788024902e-01
7.625628113746643066e-01
7.795225977897644043e-01
7.587939500808715820e-01
7.782663106918334961e-01
7.839195728302001953e-01
7.707286477088928223e-01
7.945979833602905273e-01
7.914572954177856445e-01
7.914572954177856445e-01
7.939698696136474609e-01
8.027638196945190430e-01
7.908291220664978027e-01
7.726130485534667969e-01
7.870603203773498535e-01
7.851758599281311035e-01
7.971105575561523438e-01
7.883166074752807617e-01
8.033919334411621094e-01
7.971105575561523438e-01
8.021357059478759766e-01
8.002512454986572266e-01
7.952261567115783691e-01
7.870603203773498535e-01
7.908291220664978027e-01
7.908291220664978027e-01
7.851758599281311035e-01
7.952261567115783691e-01
8.008794188499450684e-01
7.876884341239929199e-01
8.046482205390930176e-01
8.115577697753906250e-01
8.084170818328857422e-01
8.077889680862426758e-01
8.153266310691833496e-01
8.015075325965881348e-01
8.002512454986572266e-01
8.128140568733215332e-01
8.027638196945190430e-01
8.027638196945190430e-01
8.159547448158264160e-01
8.027638196945190430e-01
8.065326809883117676e-01
7.927135825157165527e-01
