1.029988974332809448e-01
1.439786404371261597e-01
2.001884132623672485e-01
2.578112781047821045e-01
3.006751537322998047e-01
3.455801606178283691e-01
3.867169022560119629e-01
4.130946695804595947e-01
4.377453327178955078e-01
4.638090729713439941e-01
4.912859201431274414e-01
4.937980771064758301e-01
5.245721340179443359e-01
5.432564020156860352e-01
5.478097200393676758e-01
5.608415603637695312e-01
5.685350894927978516e-01
5.729314088821411133e-01
5.930287241935729980e-01
5.906735658645629883e-01
5.922436714172363281e-01
5.964829921722412109e-01
6.077877283096313477e-01
6.071596741676330566e-01
6.145391464233398438e-01
6.260009407997131348e-01
6.285130977630615234e-01
6.343225240707397461e-01
6.406029462814331055e-01
6.360496282577514648e-01
6.442141532897949219e-01
6.563040018081665039e-01
6.545768380165100098e-01
6.511226296424865723e-01
6.650965809822082520e-01
6.636834740638732910e-01
6.795415282249450684e-01
6.723190546035766602e-01
6.833097934722900391e-01
6.853508949279785156e-01
6.833097934722900391e-01
6.906892657279968262e-01
6.924163699150085449e-01
6.905322670936584473e-01
6.944575309753417969e-01
7.041921615600585938e-01
6.999529004096984863e-01
7.085884809494018555e-01
7.111006379127502441e-01
7.197362184524536133e-01
7.194222211837768555e-01
7.125137448310852051e-01
7.173810601234436035e-01
7.289998531341552734e-01
7.206782698631286621e-01
7.291568517684936523e-01
7.316690087318420410e-01
7.326110601425170898e-01
7.349662184715270996e-01
7.407756447792053223e-01
7.344952225685119629e-01
7.483121156692504883e-01
7.390485405921936035e-01
7.428167462348937988e-01
7.330821156501770020e-01
7.473700642585754395e-01
7.578898072242736816e-01
7.630711197853088379e-01
7.468990683555603027e-01
7.633851170539855957e-01
7.619720697402954102e-01
7.658973336219787598e-01
7.572617530822753906e-01
7.549065947532653809e-01
7.723347544670104980e-01
7.693515419960021973e-01
7.743758559226989746e-01
7.724917531013488770e-01
7.787721753120422363e-01
7.715497016906738281e-01
7.831684947013854980e-01
7.740618586540222168e-01
7.847386002540588379e-01
7.764170169830322266e-01
7.874077558517456055e-01
7.881928086280822754e-01
7.837964892387390137e-01
7.841105461120605469e-01
7.878788113594055176e-01
7.935311794281005859e-01
7.958863377571105957e-01
7.980844974517822266e-01
8.005966544151306152e-01
8.023237586021423340e-01
7.850525975227355957e-01
7.954152822494506836e-01
8.021667599678039551e-01
8.054639697074890137e-01
7.982414960861206055e-01
7.899199128150939941e-01
