2.577136532146127923e+00
2.425980942932205675e+00
2.162168212871455886e+00
1.956119507401432811e+00
1.817859971942614061e+00
1.675496860365172758e+00
1.580180928934758589e+00
1.476343422079805068e+00
1.413733081601971975e+00
1.353809047583958591e+00
1.288431985294399507e+00
1.288075034342818448e+00
1.182389573236206637e+00
1.144173329199977829e+00
1.112005687838223622e+00
1.163403181574452550e+00
1.069962406877297267e+00
1.036840811446683386e+00
1.003107286577847646e+00
1.010784534952748448e+00
9.685507159137246580e-01
9.518049197580347176e-01
9.514300493738758746e-01
9.393226213790663026e-01
9.096104927997493705e-01
9.046073759620513188e-01
8.924346497310465809e-01
9.053453886928271022e-01
8.926351579589459906e-01
8.766406942252538137e-01
8.657397025793640566e-01
8.432980584139799785e-01
8.382717098422984847e-01
8.226933751873035661e-01
8.128991058124369617e-01
8.151474418352596674e-01
8.037180675933109919e-01
7.889155215354420880e-01
7.923951774985347196e-01
7.873567468556926796e-01
7.815609104070232460e-01
7.765787600272864299e-01
7.707651853561401367e-01
7.625697171268750463e-01
7.541528736526642573e-01
7.537857246159309632e-01
7.548367902262127505e-01
7.472595030338919919e-01
7.413185241833404326e-01
7.314245841610971244e-01
7.310331808262734432e-01
7.499273910594346226e-01
7.220829368835717244e-01
7.291868308081699279e-01
7.387426756135183625e-01
7.105836790410717807e-01
7.102461142755632784e-01
7.022106545654374088e-01
7.072800182217928722e-01
7.068746545206960885e-01
7.044755957234445365e-01
6.868213073692129855e-01
7.108878172821735397e-01
6.732202921081428260e-01
6.915206127430326699e-01
6.719685798913390684e-01
6.684055639870801757e-01
6.668135170361504382e-01
6.691308303094988252e-01
6.829965770544119685e-01
6.626630608160891667e-01
6.607008717167917045e-01
6.678091659018742243e-01
6.690202708819403821e-01
6.498630034863649430e-01
6.579406737682208517e-01
6.577651425821697817e-01
6.573135753971847128e-01
6.674937812527220737e-01
6.477530430908777781e-01
6.534171721444057557e-01
6.588435451589037539e-01
6.657586756663106398e-01
6.443423832481230962e-01
6.539561383089228519e-01
6.606353611203293896e-01
6.386300582981588869e-01
6.305252849756173283e-01
6.350995835347391649e-01
6.431975041202564469e-01
6.264845489257544475e-01
6.606623826913498032e-01
6.358806976121873511e-01
6.321088144527607922e-01
6.426410950607990280e-01
6.449552241282247023e-01
6.371133609033708955e-01
6.650966870125814001e-01
6.339187640041562544e-01
6.583536243318912629e-01
