2.671627336514952766e+00
2.559361255530155255e+00
2.346343935219154631e+00
2.142066932506923482e+00
1.986828052037401315e+00
1.843103584529728778e+00
1.734520838874197501e+00
1.639082355820453252e+00
1.563684330646911924e+00
1.502953382709333763e+00
1.432440379684509324e+00
1.395869918868313020e+00
1.344535330959421238e+00
1.287406963125879544e+00
1.257377358316944749e+00
1.231572463965749042e+00
1.207827971688730351e+00
1.171576503944427028e+00
1.137886444240934880e+00
1.123358969131394325e+00
1.111277686293672851e+00
1.089839782851853123e+00
1.062452246095007879e+00
1.084133441003867437e+00
1.055154650135342820e+00
1.026995665799843360e+00
1.008236334188745476e+00
9.996972897023191917e-01
9.855987045637272237e-01
9.904439548323827891e-01
9.635172726352204675e-01
9.524939601510075127e-01
9.412237696360149508e-01
9.518338827982786299e-01
9.207650877782175280e-01
9.247782148957758297e-01
8.958598587946832170e-01
8.934125223551352413e-01
8.828274974420206034e-01
8.774101283827649977e-01
8.648679592879305877e-01
8.705657585428243639e-01
8.507186281641755388e-01
8.471948395233585005e-01
8.394909429576374871e-01
8.299961446929640108e-01
8.249211869671797537e-01
8.197859236594738919e-01
8.057588484283892960e-01
7.877275428848338201e-01
8.030167025399743697e-01
7.963099805353051064e-01
7.864076717997817711e-01
7.724136522995805887e-01
7.797885049005227609e-01
7.613701107345134389e-01
7.525922186259741409e-01
7.530771147832332479e-01
7.485391167254963340e-01
7.359005613891534958e-01
7.438792916590049042e-01
7.138631467000152719e-01
7.423227965915983884e-01
7.203852985657296371e-01
7.311458385314497654e-01
7.105614991610307296e-01
6.925494247674006676e-01
6.836156238751913694e-01
7.017914364955211148e-01
6.792829570618280632e-01
6.861640443549573698e-01
6.795874134695759627e-01
6.798262519951723259e-01
6.927603456153845762e-01
6.564245907547971992e-01
6.625873309923202559e-01
6.492607609071580077e-01
6.525070754488589975e-01
6.401741067718198508e-01
6.494387676847245272e-01
6.415002436723228341e-01
6.416717827516628114e-01
6.340106879547413588e-01
6.409847586060228863e-01
6.207917833987089962e-01
6.108075435727969849e-01
6.225816389608090917e-01
6.147135612279209793e-01
6.174245673065227313e-01
6.010654949752590737e-01
6.036717588007964874e-01
5.957449244487077467e-01
5.884781601122399675e-01
5.754656619676747908e-01
6.077983814162537524e-01
5.962600576800853869e-01
5.756434883497109078e-01
5.826465413921911862e-01
5.862237169278774473e-01
6.019055916069253609e-01
