1.865577846765518188e-01
3.599246144294738770e-01
4.120602905750274658e-01
4.353015124797821045e-01
5.301507711410522461e-01
5.163316726684570312e-01
6.363065242767333984e-01
6.419597864151000977e-01
6.884422302246093750e-01
6.589195728302001953e-01
6.953517794609069824e-01
6.984924674034118652e-01
6.966080665588378906e-01
6.953517794609069824e-01
7.280150651931762695e-01
7.468593120574951172e-01
7.412060499191284180e-01
7.399497628211975098e-01
7.631909251213073730e-01
7.424623370170593262e-01
7.657034993171691895e-01
7.751256227493286133e-01
7.701004743576049805e-01
7.726130485534667969e-01
7.864321470260620117e-01
7.814070582389831543e-01
7.889447212219238281e-01
7.782663106918334961e-01
7.751256227493286133e-01
7.964823842048645020e-01
8.008794188499450684e-01
8.008794188499450684e-01
7.895728349685668945e-01
7.952261567115783691e-01
8.059045076370239258e-01
8.140703439712524414e-01
8.203517794609069824e-01
8.165829181671142578e-01
8.096733689308166504e-01
8.077889680862426758e-01
8.077889680862426758e-01
8.121859431266784668e-01
8.096733689308166504e-01
8.040201067924499512e-01
8.216080665588378906e-01
8.165829181671142578e-01
8.128140568733215332e-01
8.222361803054809570e-01
8.159547448158264160e-01
8.222361803054809570e-01
8.291457295417785645e-01
8.247487545013427734e-01
8.197236061096191406e-01
8.234924674034118652e-01
8.310301303863525391e-01
8.322864174842834473e-01
8.247487545013427734e-01
8.272613286972045898e-01
8.253768682479858398e-01
8.203517794609069824e-01
8.253768682479858398e-01
8.322864174842834473e-01
8.316583037376403809e-01
8.222361803054809570e-01
8.291457295417785645e-01
8.172110319137573242e-01
8.285176157951354980e-01
8.297738432884216309e-01
8.278894424438476562e-01
8.278894424438476562e-01
8.304020166397094727e-01
8.247487545013427734e-01
8.329145908355712891e-01
8.354271650314331055e-01
8.404522538185119629e-01
8.304020166397094727e-01
8.335427045822143555e-01
8.266331553459167480e-01
8.442211151123046875e-01
8.140703439712524414e-01
8.304020166397094727e-01
8.322864174842834473e-01
8.297738432884216309e-01
8.322864174842834473e-01
8.335427045822143555e-01
8.391959667205810547e-01
8.410804271697998047e-01
8.335427045822143555e-01
8.291457295417785645e-01
8.366833925247192383e-01
8.329145908355712891e-01
8.398241400718688965e-01
8.429648280143737793e-01
8.404522538185119629e-01
8.435929417610168457e-01
8.360552787780761719e-01
8.360552787780761719e-01
8.360552787780761719e-01
8.391959667205810547e-01
8.435929417610168457e-01
