2.616774106141741996e+00
2.368022875502076019e+00
2.034898631631495203e+00
1.807572618161963796e+00
1.662019038035667862e+00
1.540543157183257295e+00
1.447615227270283578e+00
1.364410263830572179e+00
1.282773939214446823e+00
1.219679737731189650e+00
1.150969274247304774e+00
1.114339260782471586e+00
1.065931907739308349e+00
1.028762278573294831e+00
9.912237016067978468e-01
9.483563902988634275e-01
9.218794081888275205e-01
8.962583053166309766e-01
8.914152224521694201e-01
8.351002556784670183e-01
8.307119404751158731e-01
7.901259253436456742e-01
7.861107577800675594e-01
7.626436289372371391e-01
7.352573739469734360e-01
7.226044385432074391e-01
6.966258945429899541e-01
6.961802893670204773e-01
6.795260582226264612e-01
6.556937482765432534e-01
6.336284242201907224e-01
6.359500032819632720e-01
6.233195980876558018e-01
6.006276889486727999e-01
6.033044723312190882e-01
6.010642530199759026e-01
5.889042794826098159e-01
5.725416945202007613e-01
5.567280090497190859e-01
5.528138398440970436e-01
5.440746048103604071e-01
5.263342028660683569e-01
5.204929661986629208e-01
5.216042368991125056e-01
5.191962213367621315e-01
5.022606490301849691e-01
4.953777210026263367e-01
4.933275754568920979e-01
4.868200192797369485e-01
4.901143413339459909e-01
4.730436547264084690e-01
4.715171547629691262e-01
4.572407371171660073e-01
4.449966053869870430e-01
4.391069433381782350e-01
4.402736829549032116e-01
4.350032008579564069e-01
4.301649654401978884e-01
4.260065741901364889e-01
4.321606724373417419e-01
4.143618736307893013e-01
4.080161606709574174e-01
4.114621457658283465e-01
4.006960963150978938e-01
4.048682166467302279e-01
3.996820484549345465e-01
4.040801912794159678e-01
3.985227403975409310e-01
3.881532835761986600e-01
3.842435134675667996e-01
3.776718838835533831e-01
3.770899238738408821e-01
3.673241765949448734e-01
3.781642415568824411e-01
3.652769777123081041e-01
3.647986206122668107e-01
3.604013228607357289e-01
3.708205764475975275e-01
3.538303219798521471e-01
3.573364065157261238e-01
3.494061794202768523e-01
3.399072438455073564e-01
3.621494604590774213e-01
3.334595252616305294e-01
3.263646654046523099e-01
3.330107792512385090e-01
3.239168105619184557e-01
3.282780530763806937e-01
3.324341499687532564e-01
3.274733398169920040e-01
3.202613924844501803e-01
3.233221427324447506e-01
3.170265528241961728e-01
3.138370424541803150e-01
3.067560254881755988e-01
3.118830975697841068e-01
2.989550443735540242e-01
3.048287282691568567e-01
3.044943022033561597e-01
3.163288719361347368e-01
