1.281205862760543823e-01
2.132202833890914917e-01
3.328622877597808838e-01
3.893860876560211182e-01
4.298948049545288086e-01
4.619249403476715088e-01
5.029047131538391113e-01
5.349348187446594238e-01
5.641387701034545898e-01
5.840791463851928711e-01
6.187784671783447266e-01
6.264719963073730469e-01
6.497095227241516113e-01
6.583451032638549805e-01
6.771863698959350586e-01
6.886481642723083496e-01
6.996389031410217285e-01
7.125137448310852051e-01
7.118856906890869141e-01
7.310409545898437500e-01
7.275867462158203125e-01
7.462710142135620117e-01
7.494112253189086914e-01
7.611870169639587402e-01
7.684094905853271484e-01
7.728057503700256348e-01
7.869367003440856934e-01
7.834824919700622559e-01
7.891348600387573242e-01
7.914900183677673340e-01
8.067200779914855957e-01
7.987124919891357422e-01
8.086041808128356934e-01
8.173967599868774414e-01
8.126864433288574219e-01
8.180248141288757324e-01
8.145706057548522949e-01
8.249332904815673828e-01
8.298006057739257812e-01
8.290155529975891113e-01
8.365520238876342773e-01
8.385931849479675293e-01
8.445596098899841309e-01
8.423614501953125000e-01
8.445596098899841309e-01
8.549222946166992188e-01
8.498979210853576660e-01
8.492699265480041504e-01
8.542942404747009277e-01
8.550792932510375977e-01
8.627728223800659180e-01
8.602606654167175293e-01
8.654419779777526855e-01
8.731355071067810059e-01
8.772177696228027344e-01
8.728214502334594727e-01
8.767467141151428223e-01
8.725074529647827148e-01
8.772177696228027344e-01
8.737635612487792969e-01
8.809860348701477051e-01
8.830271363258361816e-01
8.885225057601928711e-01
8.834981918334960938e-01
8.867954015731811523e-01
8.874234557151794434e-01
8.820850849151611328e-01
8.867954015731811523e-01
8.921337723731994629e-01
8.889935612678527832e-01
8.908776640892028809e-01
8.968440890312194824e-01
8.995132446289062500e-01
8.918197751045227051e-01
8.960590362548828125e-01
9.026534557342529297e-01
9.004553556442260742e-01
8.930758237838745117e-01
9.017114043235778809e-01
9.017114043235778809e-01
9.026534557342529297e-01
9.075208306312561035e-01
8.962160348892211914e-01
9.095619320869445801e-01
9.094049334526062012e-01
9.120740890502929688e-01
9.139582514762878418e-01
9.092479348182678223e-01
9.075208306312561035e-01
9.119170904159545898e-01
9.152143001556396484e-01
9.149003028869628906e-01
9.147433042526245117e-01
9.175694584846496582e-01
9.159993529319763184e-01
9.134871959686279297e-01
9.233788847923278809e-01
9.177265167236328125e-01
9.214947223663330078e-01
9.153713583946228027e-01
