2.490974876748856648e+00
2.087969245623104708e+00
1.814539887797293360e+00
1.619358008231349899e+00
1.478561023371902650e+00
1.405628679984777918e+00
1.284932987773837798e+00
1.230311953242699596e+00
1.159111087046675870e+00
1.080019194876129296e+00
1.034672243511257417e+00
1.002953200484040908e+00
9.688373929891155312e-01
9.571381939116434534e-01
8.904626183773405312e-01
8.652212062672753889e-01
8.298573080618777409e-01
8.277837238719115698e-01
8.119305542965030709e-01
8.006937066514288048e-01
7.611461230857887728e-01
7.523246997564880800e-01
7.855363799698987792e-01
7.299125245468101042e-01
7.166291472300811982e-01
7.143706364847307588e-01
6.894758143017639673e-01
7.110538308943935570e-01
7.002659047668303716e-01
6.754141665583279774e-01
6.699506460721768031e-01
6.652060085205576678e-01
6.765065642457511741e-01
6.581120868424075177e-01
6.451774637902801812e-01
6.406688618300547811e-01
6.347600868598899382e-01
6.367480200738763196e-01
6.317257327051019056e-01
6.449232802319166957e-01
6.182335857769951648e-01
6.338109946131107453e-01
6.242847203010291057e-01
6.350450557679986341e-01
6.107291797896725605e-01
6.117040481998692325e-01
6.051876107651983361e-01
6.069171132154800308e-01
6.108233188863975149e-01
6.171106684148012222e-01
6.000288152814510223e-01
6.014717053528406687e-01
6.134989258631988740e-01
5.964043427951372101e-01
5.824851091183609331e-01
5.894668907975432193e-01
6.071736824572385727e-01
5.984573843491137746e-01
5.945505622643322274e-01
6.126829241987449270e-01
5.923567336408337436e-01
5.855210917678910221e-01
5.944357619213698207e-01
6.082349473507560056e-01
6.005426633298097672e-01
6.195201421502846140e-01
5.942373889774533735e-01
6.078275855462155208e-01
6.072383427140700674e-01
5.890160211965665971e-01
6.013583190477074236e-01
5.965349096149655805e-01
5.894575610232712926e-01
5.936301623157520524e-01
5.931890046776239211e-01
6.041476453968028792e-01
6.122493066979413090e-01
6.197445985659881806e-01
6.019156092974409233e-01
6.605392961046803180e-01
6.122175613839422326e-01
6.016682506206646464e-01
6.289287041779139109e-01
6.017158130305496622e-01
6.046447166845426713e-01
5.950632646455237262e-01
5.925565838214740255e-01
6.047076277397386290e-01
6.119194081680259245e-01
6.087725812466300290e-01
6.128931731434922314e-01
6.080700236948290982e-01
6.143882816760384280e-01
6.096867886020909122e-01
6.112464121238669890e-01
6.248168136606264689e-01
6.164176002818735345e-01
6.120554121894452582e-01
6.064896781240874946e-01
6.054880577116156237e-01
