2.574532012843606665e+00
2.410044567069815624e+00
2.168692309652740846e+00
1.929176603729401362e+00
1.716926833493026550e+00
1.551321855142487882e+00
1.423834578475760448e+00
1.320142836426969835e+00
1.256291925008572452e+00
1.235996355363472077e+00
1.118597702764386526e+00
1.097216518081013392e+00
1.049297298019255864e+00
1.003216933664964117e+00
9.657135647744988782e-01
9.306236128112179706e-01
9.229605422547114690e-01
8.840472871933749976e-01
8.607127723382346218e-01
8.596742174134182068e-01
8.399529699704155750e-01
8.183679733444099158e-01
8.083021925322374512e-01
7.905138731002807617e-01
8.142190833187582522e-01
7.592681373783092269e-01
7.669657387925152836e-01
7.571589266834546361e-01
7.529331924927294972e-01
7.395274917684008242e-01
7.369201398974087880e-01
7.169287060972434622e-01
7.064491381597279851e-01
7.083047310910631778e-01
6.947351873819552770e-01
7.074853199810239301e-01
6.985490744437404809e-01
6.866772938613316946e-01
6.837521617736049828e-01
6.692413537945579582e-01
6.927957843296491669e-01
6.520058234133313535e-01
6.546507073407197286e-01
6.534143135176232464e-01
6.425363322598250937e-01
6.620698490334515629e-01
6.448859964782868159e-01
6.336707242170170895e-01
6.259813362629569333e-01
6.367127877383974566e-01
6.242589657031112349e-01
6.336358006875119075e-01
6.383609783709348617e-01
6.211386325970367217e-01
6.099069804402451611e-01
6.108047950207887711e-01
6.205321754043425786e-01
6.548703285916965822e-01
6.066410499601507800e-01
5.997205610251307162e-01
6.084655029090804135e-01
6.001969524963417513e-01
6.130024128822825213e-01
5.978763163389273494e-01
6.129302064977099063e-01
5.890734953496923332e-01
5.863720163628084459e-01
5.900358764370482456e-01
5.945991900698024413e-01
5.901496224666960000e-01
5.846443035494741647e-01
6.033650447974852060e-01
5.937174804246605486e-01
5.762707168732456031e-01
5.919163391817754416e-01
5.940978326390137232e-01
5.901790420014654259e-01
5.848206353546986369e-01
5.785911918884545369e-01
5.842389964578139638e-01
6.193418535754908749e-01
5.894718460701219298e-01
5.779820932215781193e-01
5.888233634095695335e-01
5.682534476620467734e-01
5.730228543880596659e-01
5.822445837097551813e-01
5.737121806072829067e-01
5.721532447853280301e-01
5.747984833453767539e-01
5.739870934031117145e-01
5.643905389249025406e-01
5.646046684614977051e-01
5.600269131324998595e-01
5.628073604861695278e-01
6.118474851301567430e-01
5.537787936440664582e-01
5.618603055800625024e-01
6.037820068436052789e-01
5.657481035994524898e-01
