1.425655484199523926e-01
1.667451709508895874e-01
2.160464823246002197e-01
2.688020169734954834e-01
3.308211565017700195e-01
3.962945640087127686e-01
4.495211243629455566e-01
4.914429187774658203e-01
5.142094492912292480e-01
5.418432950973510742e-01
5.641387701034545898e-01
5.804678797721862793e-01
6.002511978149414062e-01
6.137540936470031738e-01
6.302402019500732422e-01
6.343225240707397461e-01
6.492385268211364746e-01
6.658816337585449219e-01
6.627414226531982422e-01
6.760873198509216309e-01
6.751452088356018066e-01
6.928874254226684570e-01
6.900612115859985352e-01
6.979117393493652344e-01
7.034071087837219238e-01
7.173810601234436035e-01
7.032501101493835449e-01
7.126707434654235840e-01
7.279007434844970703e-01
7.214633226394653320e-01
7.282148003578186035e-01
7.410896420478820801e-01
7.395195364952087402e-01
7.448579072952270508e-01
7.437588572502136230e-01
7.475270628929138184e-01
7.534934878349304199e-01
7.517663836479187012e-01
7.566336989402770996e-01
7.618150711059570312e-01
7.662113308906555176e-01
7.684094905853271484e-01
7.772020697593688965e-01
7.732768058776855469e-01
7.696655392646789551e-01
7.756319642066955566e-01
7.845815420150756836e-01
7.881928086280822754e-01
7.841105461120605469e-01
7.872507572174072266e-01
7.872507572174072266e-01
7.940021753311157227e-01
7.972994446754455566e-01
7.960433363914489746e-01
7.998116016387939453e-01
8.051499724388122559e-01
8.027948141098022461e-01
8.140995502471923828e-01
8.068770766258239746e-01
8.115873932838439941e-01
7.988695502281188965e-01
8.140995502471923828e-01
8.170827627182006836e-01
8.104882836341857910e-01
8.178678154945373535e-01
8.112733364105224609e-01
8.147276043891906738e-01
8.167687058448791504e-01
8.243052363395690918e-01
8.235201835632324219e-01
8.217930793762207031e-01
8.213220238685607910e-01
8.266603946685791016e-01
8.269743919372558594e-01
8.283874988555908203e-01
8.340398669242858887e-01
8.282305002212524414e-01
8.308996558189392090e-01
8.315277099609375000e-01
8.321557641029357910e-01
8.279164433479309082e-01
8.283874988555908203e-01
8.407913446426391602e-01
8.444025516510009766e-01
8.400062918663024902e-01
8.384361863136291504e-01
8.481708168983459473e-01
8.444025516510009766e-01
8.420473933219909668e-01
8.406343460083007812e-01
8.481708168983459473e-01
8.480138182640075684e-01
8.480138182640075684e-01
8.423614501953125000e-01
8.555503487586975098e-01
8.396922349929809570e-01
8.487988710403442383e-01
8.519390821456909180e-01
8.530381321907043457e-01
8.437745571136474609e-01
