1.375628113746643066e-01
1.494974941015243530e-01
3.567839264869689941e-01
3.944723606109619141e-01
4.968592822551727295e-01
5.288944840431213379e-01
5.603014826774597168e-01
5.879396796226501465e-01
6.124371886253356934e-01
6.287688612937927246e-01
6.507537961006164551e-01
6.645728349685668945e-01
6.733668446540832520e-01
7.054020166397094727e-01
7.072864174842834473e-01
7.305276393890380859e-01
7.242462038993835449e-01
7.500000000000000000e-01
7.518844008445739746e-01
7.399497628211975098e-01
7.412060499191284180e-01
7.562814354896545410e-01
7.468593120574951172e-01
7.675879597663879395e-01
7.405778765678405762e-01
7.657034993171691895e-01
7.719849348068237305e-01
7.625628113746643066e-01
7.600502371788024902e-01
7.732412219047546387e-01
7.675879597663879395e-01
7.770100235939025879e-01
7.788944840431213379e-01
7.845477461814880371e-01
7.851758599281311035e-01
7.738693356513977051e-01
7.832914590835571289e-01
7.770100235939025879e-01
7.744975090026855469e-01
7.927135825157165527e-01
7.763819098472595215e-01
7.964823842048645020e-01
7.964823842048645020e-01
7.933416962623596191e-01
7.996231317520141602e-01
7.902010083198547363e-01
7.945979833602905273e-01
8.002512454986572266e-01
8.027638196945190430e-01
7.983668446540832520e-01
7.964823842048645020e-01
7.989949584007263184e-01
8.015075325965881348e-01
8.059045076370239258e-01
8.033919334411621094e-01
8.052763938903808594e-01
7.977386713027954102e-01
7.820351719856262207e-01
8.065326809883117676e-01
8.140703439712524414e-01
8.084170818328857422e-01
8.178392052650451660e-01
8.033919334411621094e-01
8.059045076370239258e-01
8.033919334411621094e-01
8.172110319137573242e-01
8.159547448158264160e-01
8.121859431266784668e-01
8.165829181671142578e-01
8.077889680862426758e-01
8.159547448158264160e-01
8.153266310691833496e-01
8.209798932075500488e-01
8.197236061096191406e-01
8.109296560287475586e-01
8.146985173225402832e-01
8.165829181671142578e-01
8.140703439712524414e-01
8.153266310691833496e-01
8.172110319137573242e-01
8.090452551841735840e-01
8.121859431266784668e-01
8.203517794609069824e-01
8.172110319137573242e-01
8.203517794609069824e-01
8.228642940521240234e-01
8.234924674034118652e-01
8.178392052650451660e-01
8.222361803054809570e-01
8.197236061096191406e-01
8.184673190116882324e-01
8.209798932075500488e-01
8.297738432884216309e-01
8.266331553459167480e-01
8.247487545013427734e-01
8.065326809883117676e-01
8.278894424438476562e-01
8.222361803054809570e-01
8.216080665588378906e-01
8.216080665588378906e-01
