2.630202333974696050e+00
2.517344830604789419e+00
2.320253593353784005e+00
2.120650256741344553e+00
1.915865938748458452e+00
1.744513433757092669e+00
1.598041928830822744e+00
1.490491377350898095e+00
1.407524948012306654e+00
1.338618223905600813e+00
1.269011880955042582e+00
1.232800467232554320e+00
1.195132162137090726e+00
1.137776485584766295e+00
1.095890150674378782e+00
1.076051283217726695e+00
1.049897654836303929e+00
1.019505054839534353e+00
1.005194239516070231e+00
9.710071357345820831e-01
9.501916669586386588e-01
9.236099847839098764e-01
9.364582169353540264e-01
9.003977795039527221e-01
8.948819761954552865e-01
8.646587726365716486e-01
8.748410648370503750e-01
8.540402657664876163e-01
8.365941144155172315e-01
8.246671647268593031e-01
8.165684440742764227e-01
7.974713656119563066e-01
7.837492570451822793e-01
7.693666609775928755e-01
7.718442172527987255e-01
7.606090374336565985e-01
7.432289791080973762e-01
7.542274056564303164e-01
7.346663159934031517e-01
7.322947294769340809e-01
7.179137136109265960e-01
7.108793691125876446e-01
6.864730879900724503e-01
6.800213048775916036e-01
6.929862958180659227e-01
6.775463539776537258e-01
6.667006830907837855e-01
6.599628006687604520e-01
6.597634219808843348e-01
6.439995151951916075e-01
6.500479546310501400e-01
6.349142841967856388e-01
6.354118298091699923e-01
6.368869537928355529e-01
6.140662785189588968e-01
6.066678224038172251e-01
6.055265471519377662e-01
5.943107251788555256e-01
5.945154187686403358e-01
5.874550456453444536e-01
6.077006120082066865e-01
5.823649697240882439e-01
5.741577128410189079e-01
5.789092004083916665e-01
5.538857312512408537e-01
5.785895711137690745e-01
5.709168205532254570e-01
5.611222989799875549e-01
5.604549128287888982e-01
5.538961009807799041e-01
5.424095816731284714e-01
5.482253629177887833e-01
5.398702080628995370e-01
5.424425814585626116e-01
5.293645670564082195e-01
5.297922496425804262e-01
5.330577036109969136e-01
5.228615028833103473e-01
5.257416476277246842e-01
5.262257434786872246e-01
5.264370531372493112e-01
5.228571986306086439e-01
5.032664019152964796e-01
5.026531445585140645e-01
5.060904136088115735e-01
5.005432409110782688e-01
4.894516299594083297e-01
4.863736041254030917e-01
4.769736785382561184e-01
4.866786682918319284e-01
4.761276941300187082e-01
4.787809471354826929e-01
4.789077732135894050e-01
4.825693786209766523e-01
4.563251732703673125e-01
4.954801431432551140e-01
4.698922110700704535e-01
4.632820450102895227e-01
4.621776216612971666e-01
4.813567392959720581e-01
