2.581715209999276173e+00
2.437908535626665429e+00
2.312850187771284372e+00
2.117468903412171866e+00
1.988482971886294637e+00
1.818607466903763292e+00
1.680564044108942001e+00
1.561782917784686031e+00
1.465786423515434755e+00
1.391036563782236612e+00
1.379906811306824022e+00
1.321175499777099027e+00
1.312749381640448743e+00
1.178272402466242097e+00
1.145862448754622065e+00
1.109647768825741787e+00
1.073664674806834363e+00
1.125679657087853114e+00
1.022767002858109286e+00
1.004345863907780467e+00
9.995599547822271447e-01
9.465894312714812076e-01
9.332264449129152872e-01
9.207313761639235317e-01
8.929625845434677744e-01
9.369691978746922389e-01
8.614764740718668934e-01
8.749354469716249527e-01
8.505739776333373081e-01
8.268245949817063511e-01
8.233026281074063979e-01
8.257674305283244642e-01
8.046335551007908204e-01
7.914271630234455124e-01
7.938928652049308532e-01
7.838789766757332522e-01
7.565660533593527859e-01
7.775471480048481432e-01
7.521222245753110824e-01
7.379391133485726506e-01
7.580939153930050800e-01
7.423140334723582479e-01
7.640995583941588842e-01
7.256367691797227515e-01
7.340060184948408173e-01
7.017932393443044869e-01
7.130809480221427243e-01
7.528620904414498050e-01
6.948380167759842241e-01
7.187423756973227995e-01
6.888562210241154782e-01
6.919711372960153373e-01
6.931137041230897022e-01
6.825876385722328132e-01
7.593675875783565399e-01
6.792803736188304242e-01
6.569067587205512648e-01
6.765764394597192366e-01
6.481445009384921851e-01
6.466541493957366216e-01
6.601787497050798370e-01
6.555509926685735289e-01
6.745973415111177207e-01
6.904264089450165010e-01
6.371907576843721666e-01
6.380840282344338865e-01
6.768303603383164502e-01
6.443908496118669893e-01
6.441400368609021543e-01
6.400023968375507799e-01
6.149383238212546843e-01
6.317200936264728561e-01
6.464221261853548839e-01
6.220870212693909718e-01
6.145389403530101546e-01
6.261193380882991155e-01
6.088420530060427716e-01
6.225292646705206101e-01
6.112022992953582978e-01
6.072233801511064399e-01
6.095901904393680182e-01
6.215338036043560610e-01
6.163485634267030777e-01
6.167737005943030315e-01
5.989755574782290592e-01
6.078689020482739291e-01
6.080140034158025841e-01
6.432779416367037095e-01
6.317411169933913051e-01
6.075416839302484329e-01
6.043678677860816473e-01
6.029438948511478547e-01
6.006035082903339317e-01
6.240973376748549795e-01
6.135112999671668010e-01
6.008416363342323763e-01
5.928423224981106410e-01
6.497215556738963338e-01
6.176019930959346649e-01
6.099381407900671404e-01
