2.686377887917493101e+00
2.535108350101530128e+00
2.415342224544549499e+00
2.274605699715275264e+00
2.134652260166263638e+00
1.990594959161704258e+00
1.855798371116301526e+00
1.746807866707423162e+00
1.649842979676271693e+00
1.577137433035741720e+00
1.504893817357317642e+00
1.438368646797944406e+00
1.425685575495411639e+00
1.383377885215790526e+00
1.322536658858893599e+00
1.277806797662472293e+00
1.260183222104062306e+00
1.224899709851724250e+00
1.197315161672524164e+00
1.170828867864526446e+00
1.151963615982737332e+00
1.126070681649973482e+00
1.112278301481138154e+00
1.084430871793699236e+00
1.068842552318024941e+00
1.050689650042350154e+00
1.029111993033950734e+00
1.008440083153937739e+00
9.933902353708102817e-01
9.756625572540899016e-01
9.780932467967192734e-01
9.745879566712513098e-01
9.389907874460590165e-01
9.284923337546187039e-01
9.122768803357067524e-01
9.105619936128634961e-01
8.955319454651610167e-01
8.869270562171037708e-01
8.900622072914627925e-01
8.519078071796083451e-01
8.654417688608132542e-01
8.488141016975866426e-01
8.521342840911941829e-01
8.653582776242287888e-01
8.302166862397202252e-01
8.114313802739330228e-01
8.178485260875993923e-01
8.016997393080869116e-01
8.032607315548324634e-01
7.815553505803637391e-01
7.647504838524816773e-01
7.618326710033761495e-01
7.783250348087681347e-01
7.693084613796604687e-01
7.529273190272249838e-01
7.687172842542349116e-01
7.442464330241675974e-01
7.430686276399616208e-01
7.387932566500361453e-01
7.236938489664478391e-01
7.098537782313292244e-01
6.997194241590225516e-01
6.961021360918273615e-01
6.972186066588121900e-01
6.868425338903538790e-01
6.953835221676311074e-01
7.015181596527333419e-01
6.828902281889793757e-01
6.934490127678774041e-01
6.742501243689236201e-01
6.564950861246174885e-01
6.545778028368669510e-01
6.555930714177493623e-01
6.688828361354456353e-01
6.574585640013058674e-01
6.341351852590686455e-01
6.506041032700097260e-01
6.412005401103121338e-01
6.294362387602511211e-01
6.235908098994964455e-01
6.170913135730260457e-01
6.294489235158504670e-01
6.226332385866809593e-01
6.184889432174441870e-01
6.106593810813845113e-01
6.297808554655791591e-01
5.952119898021193123e-01
5.995776962496494056e-01
6.107952047281539620e-01
5.881772965384645113e-01
5.856661063046184612e-01
5.817082510355372493e-01
5.871043751426573420e-01
5.696173563990306610e-01
6.005618884717300876e-01
6.038278157772046795e-01
5.787686360632910976e-01
5.897310692580084446e-01
5.812782706898410590e-01
5.767111967021356644e-01
