1.165018081665039062e-01
1.826032400131225586e-01
1.964201629161834717e-01
2.308054566383361816e-01
2.724132537841796875e-01
3.223426043987274170e-01
3.692887425422668457e-01
3.975506424903869629e-01
4.272256195545196533e-01
4.564295709133148193e-01
4.755848646163940430e-01
5.062019228935241699e-01
4.989794194698333740e-01
5.247291326522827148e-01
5.420002937316894531e-01
5.583294034004211426e-01
5.591144561767578125e-01
5.705762505531311035e-01
5.768566727638244629e-01
5.903595685958862305e-01
5.993091464042663574e-01
5.971109867095947266e-01
6.093578338623046875e-01
6.172083616256713867e-01
6.256869435310363770e-01
6.288271546363830566e-01
6.434291005134582520e-01
6.456272602081298828e-01
6.512796282768249512e-01
6.625843644142150879e-01
6.627414226531982422e-01
6.594441533088684082e-01
6.704348921775817871e-01
6.771863698959350586e-01
6.870780587196350098e-01
6.877060532569885254e-01
6.877060532569885254e-01
6.847229003906250000e-01
6.878631114959716797e-01
6.939864754676818848e-01
7.052912712097167969e-01
7.049772143363952637e-01
7.012090086936950684e-01
6.939864754676818848e-01
7.063903212547302246e-01
7.142408490180969238e-01
7.089024782180786133e-01
7.153398990631103516e-01
7.137697935104370117e-01
7.285287976264953613e-01
7.319830656051635742e-01
7.365363240242004395e-01
7.242895364761352539e-01
7.268016934394836426e-01
7.310409545898437500e-01
7.316690087318420410e-01
7.360653281211853027e-01
7.431308031082153320e-01
7.426597476005554199e-01
7.457999587059020996e-01
7.528654336929321289e-01
7.533364892005920410e-01
7.604019641876220703e-01
7.531794905662536621e-01
7.539645433425903320e-01
7.538074851036071777e-01
7.544355392456054688e-01
7.610300183296203613e-01
7.563197016716003418e-01
7.630711197853088379e-01
7.674674391746520996e-01
7.704505920410156250e-01
7.685664892196655273e-01
7.619720697402954102e-01
7.704505920410156250e-01
7.800282835960388184e-01
7.742188572883605957e-01
7.742188572883605957e-01
7.789291739463806152e-01
7.852095961570739746e-01
7.800282835960388184e-01
7.786151766777038574e-01
7.866227030754089355e-01
7.892918586730957031e-01
7.811273336410522461e-01
7.761030197143554688e-01
7.908619642257690430e-01
7.878788113594055176e-01
7.888208627700805664e-01
7.991835474967956543e-01
7.918040752410888672e-01
7.969853878021240234e-01
7.965143918991088867e-01
8.095462322235107422e-01
7.903909683227539062e-01
7.881928086280822754e-01
8.002825975418090820e-01
7.924320697784423828e-01
7.957293391227722168e-01
8.016957044601440430e-01
