1.526381969451904297e-01
2.625628113746643066e-01
2.424623072147369385e-01
2.506281435489654541e-01
3.548994958400726318e-01
4.698492586612701416e-01
4.956030249595642090e-01
5.282663106918334961e-01
5.540201067924499512e-01
5.640703439712524414e-01
6.187185645103454590e-01
6.048995256423950195e-01
5.879396796226501465e-01
6.469849348068237305e-01
6.796482205390930176e-01
6.871859431266784668e-01
6.953517794609069824e-01
6.714823842048645020e-01
7.072864174842834473e-01
7.104271650314331055e-01
7.022613286972045898e-01
7.223618030548095703e-01
7.154522538185119629e-01
7.292713522911071777e-01
7.462311387062072754e-01
7.179648280143737793e-01
7.506281137466430664e-01
7.531406879425048828e-01
7.587939500808715820e-01
7.556532621383666992e-01
7.581658363342285156e-01
7.600502371788024902e-01
7.606784105300903320e-01
7.719849348068237305e-01
7.638190984725952148e-01
7.669597864151000977e-01
7.688442468643188477e-01
7.638190984725952148e-01
7.719849348068237305e-01
7.820351719856262207e-01
7.701004743576049805e-01
7.782663106918334961e-01
7.556532621383666992e-01
7.751256227493286133e-01
7.788944840431213379e-01
7.883166074752807617e-01
7.826633453369140625e-01
7.600502371788024902e-01
7.914572954177856445e-01
7.826633453369140625e-01
7.839195728302001953e-01
7.832914590835571289e-01
7.933416962623596191e-01
7.964823842048645020e-01
7.650753855705261230e-01
7.952261567115783691e-01
8.033919334411621094e-01
7.945979833602905273e-01
8.084170818328857422e-01
8.134422302246093750e-01
7.939698696136474609e-01
8.015075325965881348e-01
7.958542704582214355e-01
7.788944840431213379e-01
8.008794188499450684e-01
8.115577697753906250e-01
7.914572954177856445e-01
8.065326809883117676e-01
8.040201067924499512e-01
8.002512454986572266e-01
8.165829181671142578e-01
8.090452551841735840e-01
7.977386713027954102e-01
8.109296560287475586e-01
8.260050415992736816e-01
8.128140568733215332e-01
8.222361803054809570e-01
8.190954923629760742e-01
8.140703439712524414e-01
8.172110319137573242e-01
8.266331553459167480e-01
8.247487545013427734e-01
8.165829181671142578e-01
8.153266310691833496e-01
8.247487545013427734e-01
8.153266310691833496e-01
8.165829181671142578e-01
8.046482205390930176e-01
8.146985173225402832e-01
8.209798932075500488e-01
8.234924674034118652e-01
8.165829181671142578e-01
8.278894424438476562e-01
8.146985173225402832e-01
8.159547448158264160e-01
8.228642940521240234e-01
8.247487545013427734e-01
7.902010083198547363e-01
8.216080665588378906e-01
8.222361803054809570e-01
